2828
1347
2226
2036
2095
1141
2439
1422
2466
1242
2901
1227
2928
2721
1982
2306
2809
2969
2456
1036
2454
2561
1747
1071
1005
1894
1686
1316
1512
2833
1636
1209
1226
1236
2079
2753
1488
2876
2171
1879
1890
1031
1898
1359
2423
2733
1721
2368
1848
2160
2421
2099
2998
1809
1258
2061
2307
2602
1887
2508
1751
1067
1760
1369
2519
1580
1065
1511
2937
2041
2737
1285
1543
2709
1291
2801
2882
1561
2457
2732
1535
1202
2533
1968
1293
1116
2630
1610
1610
1934
2473
1785
1089
1366
2053
1544
1732
1915
2899
1670
1415
2344
2532
1463
1352
2450
1843
2508
1427
2906
1391
2060
1030
2608
1881
2439
2508
2673
2234
1135
1224
2353
1058
2845
2679
1220
2858
2597
1074
2999
1836
1758
1619
1759
2447
1500
1797
1292
1410
2516
1020
1288
2885
1063
1927
2033
1694
2533
2427
2947
2110
1726
2389
2641
2616
1819
2806
2936
2035
2117
1285
2499
1221
2394
2782
1818
2232
1181
1496
1485
2885
2390
2767
2646
1825
1809
1042
2879
1705
2042
2079
2252
2908
2932
2591
1664
2024
2839
2375
2903
2968
2754
1858
1293
1642
1552
2983
1940
2676
1120
1781
1859
2894
2403
2466
2772
1063
2923
1847
2364
1146
1870
1194
1452
2726
1875
1074
1166
2912
1363
2944
1351
1578
1369
1915
2038
2602
2545
2615
2508
2469
1553
2613
1468
1700
2660
1602
2892
1281
1974
1040
1788
2818
2102
1680
2535
2722
1737
2974
2164
2801
1424
1546
2860
2077
2048
1452
1188
1807
2954
1193
1263
1143
2443
1619
1472
2170
1800
2906
1727
2845
1327
1836
1176
2255
1404
1579
2442
2405
2045
1665
2925
2068
2460
1046
1508
1575
2003
2666
2643
2999
1434
2968
1127
1683
1796
2977
1750
1163
1339
1726
1388
1379
2034
1140
1164
1711
1080
2766
1006
1419
1593
1395
2808
2672
2998
2523
2090
1512
2309
1000
1754
2359
2101
1508
2966
1953
1503
1304
1662
1361
2187
2140
2211
1970
1539
2276
2784
2730
2498
2777
1436
1287
1462
1325
1512
2951
1547
2564
1236
1097
2005
1472
1432
2847
1632
1875
1576
2334
1602
1212
2096
1738
1919
2298
1893
1648
2252
1966
2262
1403
2368
1252
2353
2484
2546
1424
2376
1705
1938
1441
1942
2648
2538
2643
1247
2751
1277
1244
1888
1328
2048
1781
2970
2546
1320
2357
1150
1533
2311
1028
2893
2933
1756
2872
1774
1514
2094
1837
1399
1041
2036
2190
2206
2995
2588
2644
2876
2337
1607
2885
2382
2834
2884
1319
2271
2073
2693
2025
1828
2562
2194
2329
2523
2378
1085
1101
1976
1680
2306
2700
2883
1270
2540
2549
2381
1159
2657
2113
1740
2567
2037
2021
1163
1362
1645
1921
2397
2923
1637
1251
2709
1255
1058
1831
2439
2013
2363
2435
1393
1904
2388
1547
1734
1542
2368
2212
2499
2058
2544
2244
2276
2685
1831
1369
2992
1952
2005
2557
2327
1514
1113
2717
2718
2099
1634
1016
1327
1048
2615
1134
2948
1586
1684
2433
2766
1756
1733
1796
2398
2065
1741
1492
1207
2630
2851
1867
2088
2027
2609
2239
1925
1533
2432
2674
1521
1492
1790
2220
2876
2579
2359
2156
2710
1822
1321
2486
1067
2242
1312
1940
1590
2682
1127
1030
2071
2031
2174
2865
1113
2874
1668
1081
2875
2044
1749
2629
2023
2950
2114
2727
2124
1742
2996
2401
1707
1623
1125
1798
1320
1246
1443
2419
1014
1929
1588
2140
2110
2401
2956
2264
2409
2296
1736
1347
2481
2320
1609
2944
1588
2412
2333
2515
1319
1297
2934
1383
2580
1900
1163
2976
1115
2625
2031
2798
2665
2035
1473
1616
2595
1802
1295
2495
1678
2768
1004
2318
1169
1955
1775
1247
2366
1509
1408
1576
1524
1662
1787
2727
2065
1696
2607
1692
2755
1777
2211
1576
1548
2708
1031
2640
1539
2780
1968
2231
1496
1564
2321
2047
1918
1095
2765
1416
2032
2470
1175
1202
1262
2560
2680
2873
2799
1403
1929
2251
1100
1454
1274
2361
1849
1555
1424
2840
2475
1411
1358
1806
1608
1053
1276
2035
1394
1668
2515
1059
1312
1720
2466
1828
1443
2852
1734
2570
2272
2854
2836
1223
1583
2881
2062
2800
2715
1933
1519
2167
1631
1358
2203
1463
1935
1893
1487
2888
2110
2264
2821
1830
2724
2808
1539
2846
1735
1497
2503
1380
2860
2773
1753
1452
2470
2200
2966
2491
2618
1054
1426
1958
1382
2943
2739
1387
2511
2353
2087
1238
2586
1567
2173
1994
2141
2360
2367
2014
1301
2323
1663
1398
1683
1826
2410
1051
1025
2108
1449
2854
2352
2831
1879
1038
1635
1753
1228
1579
1843
2348
1444
1046
2218
2001
1546
2263
1976
2278
2542
2739
2563
1052
2132
2518
2361
1311
2399
2137
2557
2685
1288
2899
1711
2727
2676
1743
2137
2442
2937
1862
2746
1887
2323
1323
1274
2700
1279
2202
2005
1313
2245
2901
1370
1627
2621
1257
1357
2056
2704
2463
2080
2119
1671
1510
2654
2325
1046
2211
2900
1802
2986
2112
2943
1793
1980
1687
1188
2738
2634
2531
2354
2530
1434
2704
1896
1173
1360
2447
2085
1431
1998
1628
1609
2032
1499
1952
1986
1645
1526
1140
2657
1441
2040
1114
2492
2310
2551
1690
2323
2915
2446
2495
1766
1578
1664
1465
2842
1057
2416
2992
1525
1997
1082
1552
1919
1754
2973
2296
2277
1699
1544
1918
1021
1676
1988
1821
2726
2068
1946
2211
2144
1159
1506
2879
2361
2784
1063
1359
2966
2142
2445
1823
2794
2904
1901
2848
1617
2263
2396
1779
1169
2519
1275
1606
2272
2962
1398
1483
2144
2186
1658
1581
1854
2125
1168
1024
2073
1529
2719
1910
1704
1597
1032
2954
2137
2048
1142
1285
2462
2322
1765
2003
2287
1312
2648
1888
1968
2384
2538
2966
1202
1563
2837
2421
2680
1688
2780
2353
1318
1112
2529
2702
2996
2169
1435
1792
1708
1322
2909
1871
1607
1887
1901
2899
1676
2830
2265
1491
2949
2525
1909
2058
2560
1903
2154
